vec
[1.000000e+00, 2.000000e+00, 3.000000e+00, 4.000000e+00, 5.000000e+00, 6.000000e+00, 7.000000e+00, 7.000000e+00]
[1.234000e+03, 1.234123e+07, 1.234123e+11, 1.234123e+15]
[3.000000e+00, 3.000000e+00, 3.000000e+00, 3.500000e+00, 2.400000e+00]
[1.000000e+00, 2.000000e+00, 3.000000e+00]
[1.111100e+00, 2.222200e+00, 3.333300e+00, 4.444400e+00]
[1.000000e-01, 1.000000e-02, 1.000000e-03, 1.000000e-04]
[1.234000e-05, 1.234000e+05, 1.234000e+10]
[1.000000e-10, 1.000000e+10, 1.000000e-03]
[1.000000e+00, 2.500000e+00, 3.000000e+00, 4.750000e+00, 5.000000e+00]
[-1.500000e+00, -2.250000e+00, -3.750000e+00]
[-1.000000e-03, -2.000000e-03, -3.000000e-03]
[0.000000e+00, -0.000000e+00, 1.000000e+00, -1.000000e+00]
[1.000000e+07, -1.000000e+07]
[1.500000e+00, 2.500000e+00, 3.500000e+00]
[1.100000e+00, 2.200000e+00, 3.300000e+00]
[1.123457e+00, 2.123457e+00, 3.123457e+00]
[1.000000e-09, 1.000000e+00]
[1.100000e+00, 2.220000e+00, 3.333000e+00, 4.444400e+00, 5.555550e+00]

